0.98722       0.06695857988165681       -0.14339       -0.005336923076923078       
0.96294       0.06289349112426036       -0.119       -0.004971420118343196       
0.93832       0.05957396449704142       -0.094443       -0.004617218934911243       
0.91389       0.0567733727810651       -0.070063       -0.00428715976331361       
0.88923       0.054351479289940836       -0.04556       -0.003961005917159763       
0.86474       0.05211183431952664       -0.02108       -0.003634615384615385       
0.84008       0.05014911242603551       0.0035159       -0.0033226035502958583       
0.8154       0.04824201183431953       0.028231       -0.0030115384615384618       
0.79063       0.04644023668639054       0.052648       -0.0026991715976331363       
0.76587       0.04435739644970414       0.077294       -0.0023869230769230773       
0.7413       0.04235680473372781       0.10173       -0.002071242603550296       
0.71667       0.04008343195266273       0.12629       -0.001754733727810651       
0.69203       0.03770769230769231       0.15069       -0.001425147928994083       
0.66766       0.03514556213017752       0.17514       -0.0010815976331360947       
0.64301       0.032371005917159766       0.19969       -0.0007333136094674556       
0.61853       0.029398224852071008       0.22865       -0.0003108047337278107       
0.59411       0.025914201183431955       0.24845       2.1028402366863905e-06       
0.5697       0.022405917159763318       0.26808       0.00032127810650887576       
0.54533       0.018705917159763316       0.28756       0.0006374556213017752       
0.52078       0.015682248520710058       0.30716       0.0009700000000000002       
0.4962       0.012887573964497042       0.34588       0.0016145562130177515       
0.47168       0.010423668639053255       0.37035       0.0020583431952662726       
0.44711       0.008457396449704143       0.39447       0.00251905325443787       
0.41425       0.0060727810650887575       0.41895       0.002982485207100592       
0.39103       0.004877278106508876       0.44313       0.003519704142011835       
0.36726       0.003991538461538462       0.46687       0.004253550295857988       
0.34324       0.003346508875739645       0.49084       0.0049357988165680475       
0.3192       0.0027443786982248525       0.51459       0.005681597633136096       
0.29507       0.0021663313609467457       0.53794       0.006769822485207101       
0.27082       0.0016949704142011836       0.56121       0.0079603550295858       
0.24665       0.0012152662721893492       0.58422       0.009256804733727812       
0.22239       0.0007506508875739646       0.62148       0.01168639053254438       
0.19487       0.00022247928994082844       0.6461       0.013395857988165682       
0.17567       -0.00012136094674556213       0.67086       0.015430769230769232       
0.15626       -0.0004588165680473374       0.69547       0.017669822485207102       
0.13698       -0.0007960355029585799       0.72002       0.02018165680473373       
0.10062       -0.001392958579881657       0.74463       0.02282840236686391       
0.076256       -0.001790828402366864       0.76913       0.02536094674556213       
0.051778       -0.002181420118343196       0.79368       0.028394082840236687       
0.027411       -0.00256603550295858       0.81816       0.031400000000000004       
0.0029411       -0.0029501775147928997       0.84254       0.03494260355029586       
-0.021572       -0.003334970414201184       0.86691       0.03847218934911243       
-0.045948       -0.0037179289940828405       0.89131       0.0422       
-0.070408       -0.004108875739644971       0.91555       0.04659526627218936       
-0.094736       -0.004511242603550296       0.93988       0.0507940828402367       
-0.11903       -0.004913491124260355       0.96412       0.05532544378698225       
