0.99379       0.02854615384615385       -0.13795       -0.008820118343195267       
0.97002       0.021307692307692312       -0.11305       -0.008779289940828402       
0.94594       0.015494674556213018       -0.088134       -0.008704733727810651       
0.92173       0.010847928994082842       -0.063387       -0.008589349112426037       
0.8973       0.007128402366863906       -0.03848       -0.008476331360946747       
0.86788       0.0036927218934911248       -0.013695       -0.008349112426035503       
0.84588       0.001752603550295858       0.0112       -0.008213609467455623       
0.82322       0.00020840236686390533       0.036063       -0.008062721893491125       
0.80859       -0.0005891360946745563       0.060761       -0.007913609467455623       
0.77608       -0.00166603550295858       0.085601       -0.007763905325443789       
0.75259       -0.0025693491124260358       0.11046       -0.007614201183431953       
0.7285       -0.0031965680473372785       0.1353       -0.00745147928994083       
0.70424       -0.0036665088757396455       0.15987       -0.00728224852071006       
0.67999       -0.004033846153846154       0.18467       -0.007102958579881657       
0.65534       -0.004328047337278107       0.20942       -0.006930769230769232       
0.63065       -0.004578698224852071       0.23398       -0.0067704142011834325       
0.60592       -0.004796923076923078       0.25892       -0.006602366863905326       
0.58115       -0.0049558579881656805       0.28364       -0.006429585798816569       
0.55635       -0.00509207100591716       0.30834       -0.0062639053254437875       
0.53151       -0.005213372781065089       0.33315       -0.006105325443786983       
0.50673       -0.005322130177514794       0.35781       -0.005946153846153847       
0.48184       -0.005425207100591717       0.38265       -0.005787810650887574       
0.45712       -0.005532130177514793       0.40737       -0.0056380473372781076       
0.43233       -0.005623668639053255       0.43202       -0.005490650887573965       
0.40748       -0.005713076923076924       0.45684       -0.005353372781065089       
0.38268       -0.005808875739644971       0.48151       -0.005205325443786983       
0.3578       -0.0059084023668639065       0.50634       -0.005053786982248521       
0.33307       -0.006015384615384616       0.53115       -0.004912544378698226       
0.30803       -0.006125443786982249       0.55596       -0.00475112426035503       
0.28324       -0.006241420118343196       0.58069       -0.0045661538461538465       
0.25857       -0.006352662721893492       0.60522       -0.004363964497041421       
0.23357       -0.006484023668639054       0.62995       -0.0041517159763313615       
0.20892       -0.006615384615384616       0.65449       -0.0039010650887573964       
0.18408       -0.006748520710059172       0.67918       -0.003598639053254438       
0.15934       -0.006889349112426036       0.70352       -0.003238579881656805       
0.13451       -0.007033136094674557       0.72787       -0.0027993491124260355       
0.10972       -0.007183431952662723       0.75199       -0.0022414201183431955       
0.084993       -0.007328402366863906       0.77596       -0.001520769230769231       
0.060137       -0.007479881656804735       0.79959       -0.0005841538461538462       
0.035563       -0.007638461538461539       0.818       0.00033126035502958586       
0.010536       -0.0077893491124260365       0.83028       0.0010892899408284024       
-0.014234       -0.007957988165680474       0.86687       0.004438402366863906       
-0.039006       -0.008120118343195268       0.88767       0.007113609467455622       
-0.063862       -0.008292307692307693       0.90768       0.010332544378698226       
-0.088502       -0.008449704142011835       0.94538       0.018496449704142014       
-0.11323       -0.008646153846153847       0.96934       0.025040828402366867       
